%YAML:1.0
# 
#
### Bilddaten:
#
sequence_subfolder: "sequence7"
frame_names:
   - "Oskar1_0000.bmp"
   - "Oskar1_0001.bmp"
   - "Oskar1_0002.bmp"
   - "Oskar1_0003.bmp"
   - "Oskar1_0004.bmp"
   - "Oskar1_0005.bmp"
   - "Oskar1_0006.bmp"
   - "Oskar1_0007.bmp"
   - "Oskar1_0008.bmp"
   - "Oskar1_0009.bmp"
   - "Oskar1_0010.bmp"
   - "Oskar1_0011.bmp"
   - "Oskar1_0012.bmp"
   - "Oskar1_0013.bmp"
   - "Oskar1_0014.bmp"
   - "Oskar1_0015.bmp"
   - "Oskar1_0016.bmp"
   - "Oskar1_0017.bmp"
   - "Oskar1_0018.bmp"
   - "Oskar1_0019.bmp"
   - "Oskar1_0020.bmp"
   - "Oskar1_0021.bmp"
   - "Oskar1_0022.bmp"
   - "Oskar1_0023.bmp"
   - "Oskar1_0024.bmp"
   - "Oskar1_0025.bmp"
   - "Oskar1_0026.bmp"
   - "Oskar1_0027.bmp"
   - "Oskar1_0028.bmp"
   - "Oskar1_0029.bmp"
   - "Oskar1_0030.bmp"
   - "Oskar1_0031.bmp"
   - "Oskar1_0032.bmp"
   - "Oskar1_0033.bmp"
   - "Oskar1_0034.bmp"
   - "Oskar1_0035.bmp"
   - "Oskar1_0036.bmp"
   - "Oskar1_0037.bmp"
   - "Oskar1_0038.bmp"
   - "Oskar1_0039.bmp"
   - "Oskar1_0040.bmp"
   - "Oskar1_0041.bmp"
   - "Oskar1_0042.bmp"
   - "Oskar1_0043.bmp"
   - "Oskar1_0044.bmp"
   - "Oskar1_0045.bmp"
   - "Oskar1_0046.bmp"
   - "Oskar1_0047.bmp"
   - "Oskar1_0048.bmp"
   - "Oskar1_0049.bmp"
   - "Oskar1_0050.bmp"
   - "Oskar1_0051.bmp"
   - "Oskar1_0052.bmp"
   - "Oskar1_0053.bmp"
   - "Oskar1_0054.bmp"
   - "Oskar1_0055.bmp"
   - "Oskar1_0056.bmp"
   - "Oskar1_0057.bmp"
   - "Oskar1_0058.bmp"
   - "Oskar1_0059.bmp"
   - "Oskar1_0060.bmp"
   - "Oskar1_0061.bmp"
   - "Oskar1_0062.bmp"
   - "Oskar1_0063.bmp"
   - "Oskar1_0064.bmp"
   - "Oskar1_0065.bmp"
   - "Oskar1_0066.bmp"
   - "Oskar1_0067.bmp"
   - "Oskar1_0068.bmp"
   - "Oskar1_0069.bmp"
   - "Oskar1_0070.bmp"
   - "Oskar1_0071.bmp"
   - "Oskar1_0072.bmp"
   - "Oskar1_0073.bmp"
   - "Oskar1_0074.bmp"
   - "Oskar1_0075.bmp"
   - "Oskar1_0076.bmp"
   - "Oskar1_0077.bmp"
   - "Oskar1_0078.bmp"
   - "Oskar1_0079.bmp"
   - "Oskar1_0080.bmp"
   - "Oskar1_0081.bmp"
   - "Oskar1_0082.bmp"
   - "Oskar1_0083.bmp"
   - "Oskar1_0084.bmp"
   - "Oskar1_0085.bmp"
   - "Oskar1_0086.bmp"
   - "Oskar1_0087.bmp"
   - "Oskar1_0088.bmp"
   - "Oskar1_0089.bmp"
   - "Oskar1_0090.bmp"
   - "Oskar1_0091.bmp"
   - "Oskar1_0092.bmp"
   - "Oskar1_0093.bmp"
   - "Oskar1_0094.bmp"
   - "Oskar1_0095.bmp"
   - "Oskar1_0096.bmp"
   - "Oskar1_0097.bmp"
   - "Oskar1_0098.bmp"
   - "Oskar1_0099.bmp"
   - "Oskar1_0100.bmp"
   - "Oskar1_0101.bmp"
   - "Oskar1_0102.bmp"
   - "Oskar1_0103.bmp"
   - "Oskar1_0104.bmp"
   - "Oskar1_0105.bmp"
   - "Oskar1_0106.bmp"
   - "Oskar1_0107.bmp"
   - "Oskar1_0108.bmp"
   - "Oskar1_0109.bmp"
   - "Oskar1_0110.bmp"
   - "Oskar1_0111.bmp"
   - "Oskar1_0112.bmp"
   - "Oskar1_0113.bmp"
   - "Oskar1_0114.bmp"
   - "Oskar1_0115.bmp"
   - "Oskar1_0116.bmp"
   - "Oskar1_0117.bmp"
   - "Oskar1_0118.bmp"
   - "Oskar1_0119.bmp"
   - "Oskar1_0120.bmp"
   - "Oskar1_0121.bmp"
   - "Oskar1_0122.bmp"
   - "Oskar1_0123.bmp"
   - "Oskar1_0124.bmp"
   - "Oskar1_0125.bmp"
   - "Oskar1_0126.bmp"
   - "Oskar1_0127.bmp"
   - "Oskar1_0128.bmp"
   - "Oskar1_0129.bmp"
   - "Oskar1_0130.bmp"
   - "Oskar1_0131.bmp"
   - "Oskar1_0132.bmp"
   - "Oskar1_0133.bmp"
   - "Oskar1_0134.bmp"
   - "Oskar1_0135.bmp"
   - "Oskar1_0136.bmp"
   - "Oskar1_0137.bmp"
   - "Oskar1_0138.bmp"
   - "Oskar1_0139.bmp"
   - "Oskar1_0140.bmp"
   - "Oskar1_0141.bmp"
   - "Oskar1_0142.bmp"
   - "Oskar1_0143.bmp"
   - "Oskar1_0144.bmp"
   - "Oskar1_0145.bmp"
   - "Oskar1_0146.bmp"
   - "Oskar1_0147.bmp"
   - "Oskar1_0148.bmp"
   - "Oskar1_0149.bmp"
   - "Oskar1_0150.bmp"
   - "Oskar1_0151.bmp"
   - "Oskar1_0152.bmp"
   - "Oskar1_0153.bmp"
   - "Oskar1_0154.bmp"
   - "Oskar1_0155.bmp"
   - "Oskar1_0156.bmp"
   - "Oskar1_0157.bmp"
   - "Oskar1_0158.bmp"
   - "Oskar1_0159.bmp"
   - "Oskar1_0160.bmp"
   - "Oskar1_0161.bmp"
   - "Oskar1_0162.bmp"
   - "Oskar1_0163.bmp"
   - "Oskar1_0164.bmp"
   - "Oskar1_0165.bmp"
   - "Oskar1_0166.bmp"
   - "Oskar1_0167.bmp"
   - "Oskar1_0168.bmp"
   - "Oskar1_0169.bmp"
   - "Oskar1_0170.bmp"
   - "Oskar1_0171.bmp"
   - "Oskar1_0172.bmp"
   - "Oskar1_0173.bmp"
   - "Oskar1_0174.bmp"
   - "Oskar1_0175.bmp"
   - "Oskar1_0176.bmp"
   - "Oskar1_0177.bmp"
   - "Oskar1_0178.bmp"
   - "Oskar1_0179.bmp"
   - "Oskar1_0180.bmp"
   - "Oskar1_0181.bmp"
   - "Oskar1_0182.bmp"
   - "Oskar1_0183.bmp"
   - "Oskar1_0184.bmp"
   - "Oskar1_0185.bmp"
   - "Oskar1_0186.bmp"
   - "Oskar1_0187.bmp"
   - "Oskar1_0188.bmp"
   - "Oskar1_0189.bmp"
   - "Oskar1_0190.bmp"
   - "Oskar1_0191.bmp"
   - "Oskar1_0192.bmp"
   - "Oskar1_0193.bmp"
   - "Oskar1_0194.bmp"
   - "Oskar1_0195.bmp"
   - "Oskar1_0196.bmp"
   - "Oskar1_0197.bmp"
   - "Oskar1_0198.bmp"
   - "Oskar1_0199.bmp"
   - "Oskar1_0200.bmp"
   - "Oskar1_0201.bmp"
   - "Oskar1_0202.bmp"
   - "Oskar1_0203.bmp"
   - "Oskar1_0204.bmp"
   - "Oskar1_0205.bmp"
   - "Oskar1_0206.bmp"
   - "Oskar1_0207.bmp"
   - "Oskar1_0208.bmp"
   - "Oskar1_0209.bmp"
   - "Oskar1_0210.bmp"
   - "Oskar1_0211.bmp"
   - "Oskar1_0212.bmp"
   - "Oskar1_0213.bmp"
   - "Oskar1_0214.bmp"
   - "Oskar1_0215.bmp"
   - "Oskar1_0216.bmp"
   - "Oskar1_0217.bmp"
   - "Oskar1_0218.bmp"
   - "Oskar1_0219.bmp"
   - "Oskar1_0220.bmp"
   - "Oskar1_0221.bmp"
   - "Oskar1_0222.bmp"
   - "Oskar1_0223.bmp"
   - "Oskar1_0224.bmp"
   - "Oskar1_0225.bmp"
   - "Oskar1_0226.bmp"
   - "Oskar1_0227.bmp"
   - "Oskar1_0228.bmp"
   - "Oskar1_0229.bmp"
   - "Oskar1_0230.bmp"
   - "Oskar1_0231.bmp"
   - "Oskar1_0232.bmp"
   - "Oskar1_0233.bmp"
   - "Oskar1_0234.bmp"
   - "Oskar1_0235.bmp"
   - "Oskar1_0236.bmp"
   - "Oskar1_0237.bmp"
   - "Oskar1_0238.bmp"
   - "Oskar1_0239.bmp"
   - "Oskar1_0240.bmp"
   - "Oskar1_0241.bmp"
   - "Oskar1_0242.bmp"
   - "Oskar1_0243.bmp"
   - "Oskar1_0244.bmp"
   - "Oskar1_0245.bmp"
   - "Oskar1_0246.bmp"
   - "Oskar1_0247.bmp"
   - "Oskar1_0248.bmp"
   - "Oskar1_0249.bmp"
   - "Oskar1_0250.bmp"
   - "Oskar1_0251.bmp"
   - "Oskar1_0252.bmp"
   - "Oskar1_0253.bmp"
   - "Oskar1_0254.bmp"
   - "Oskar1_0255.bmp"
   - "Oskar1_0256.bmp"
   - "Oskar1_0257.bmp"
   - "Oskar1_0258.bmp"
   - "Oskar1_0259.bmp"
   - "Oskar1_0260.bmp"
   - "Oskar1_0261.bmp"
   - "Oskar1_0262.bmp"
   - "Oskar1_0263.bmp"
   - "Oskar1_0264.bmp"
   - "Oskar1_0265.bmp"
   - "Oskar1_0266.bmp"
   - "Oskar1_0267.bmp"
   - "Oskar1_0268.bmp"
   - "Oskar1_0269.bmp"
   - "Oskar1_0270.bmp"
   - "Oskar1_0271.bmp"
   - "Oskar1_0272.bmp"
   - "Oskar1_0273.bmp"
   - "Oskar1_0274.bmp"
   - "Oskar1_0275.bmp"
   - "Oskar1_0276.bmp"
   - "Oskar1_0277.bmp"
   - "Oskar1_0278.bmp"
   - "Oskar1_0279.bmp"
   - "Oskar1_0280.bmp"
   - "Oskar1_0281.bmp"
   - "Oskar1_0282.bmp"
   - "Oskar1_0283.bmp"
   - "Oskar1_0284.bmp"
   - "Oskar1_0285.bmp"
   - "Oskar1_0286.bmp"
   - "Oskar1_0287.bmp"
   - "Oskar1_0288.bmp"
   - "Oskar1_0289.bmp"
   - "Oskar1_0290.bmp"
   - "Oskar1_0291.bmp"
   - "Oskar1_0292.bmp"
   - "Oskar1_0293.bmp"
   - "Oskar1_0294.bmp"
   - "Oskar1_0295.bmp"
   - "Oskar1_0296.bmp"
   - "Oskar1_0297.bmp"
   - "Oskar1_0298.bmp"
   - "Oskar1_0299.bmp"
   - "Oskar1_0300.bmp"
   - "Oskar1_0301.bmp"
   - "Oskar1_0302.bmp"
   - "Oskar1_0303.bmp"
   - "Oskar1_0304.bmp"
   - "Oskar1_0305.bmp"
   - "Oskar1_0306.bmp"
   - "Oskar1_0307.bmp"
   - "Oskar1_0308.bmp"
   - "Oskar1_0309.bmp"
   - "Oskar1_0310.bmp"
   - "Oskar1_0311.bmp"
   - "Oskar1_0312.bmp"
   - "Oskar1_0313.bmp"
   - "Oskar1_0314.bmp"
   - "Oskar1_0315.bmp"
   - "Oskar1_0316.bmp"
   - "Oskar1_0317.bmp"
   - "Oskar1_0318.bmp"
   - "Oskar1_0319.bmp"
   - "Oskar1_0320.bmp"
   - "Oskar1_0321.bmp"
   - "Oskar1_0322.bmp"
   - "Oskar1_0323.bmp"
   - "Oskar1_0324.bmp"
   - "Oskar1_0325.bmp"
   - "Oskar1_0326.bmp"
   - "Oskar1_0327.bmp"
   - "Oskar1_0328.bmp"
